860  440
18  19
18  18  18  18  18  18  18  18  18  18  18  18  18  18  18  18  18  18  18  18  16  16  16  16  16  16  16  16  16  16  16  16  16  16  16  16  16  16  16  16   4   4   4   4   4   4   4   4   4   4   4   4   4   4   4   4   4   4   4   4   8   8   8   8   8   8   8   8   8   8   8   8   8   8   8   8   8   8   8   8   5   5   5   5   5   5   5   5   5   5   5   5   5   5   5   5   5   5   5   5   4   4   4   4   4   4   4   4   4   4   4   4   4   4   4   4   4   4   4   4   4   4   4   4   4   4   4   4   4   4   4   4   4   4   4   4   4   4   4   4   7   7   7   7   7   7   7   7   7   7   7   7   7   7   7   7   7   7   7   7   6   6   6   6   6   6   6   6   6   6   6   6   6   6   6   6   6   6   6   6   4   4   4   4   4   4   4   4   4   4   4   4   4   4   4   4   4   4   4   4   8   8   8   8   8   8   8   8   8   8   8   8   8   8   8   8   8   8   8   8   8   8   8   8   8   8   8   8   8   8   8   8   8   8   8   8   8   8   8   8   8   8   8   8   8   8   8   8   8   8   8   8   8   8   8   8   8   8   8   8   8   8   8   8   8   8   8   8   8   8   8   8   8   8   8   8   8   8   8   8   6   6   6   6   6   6   6   6   6   6   6   6   6   6   6   6   6   6   6   6   4   4   4   4   4   4   4   4   4   4   4   4   4   4   4   4   4   4   4   4   9   9   9   9   9   9   9   9   9   9   9   9   9   9   9   9   9   9   9   9   7   7   7   7   7   7   7   7   7   7   7   7   7   7   7   7   7   7   7   7   8   8   8   8   8   8   8   8   8   8   8   8   8   8   8   8   8   8   8   8   5   5   5   5   5   5   5   5   5   5   5   5   5   5   5   5   5   5   5   5   8   8   8   8   8   8   8   8   8   8   8   8   8   8   8   8   8   8   8   8   8   8   8   8   8   8   8   8   8   8   8   8   8   8   8   8   8   8   8   8   4   4   4   4   4   4   4   4   4   4   4   4   4   4   4   4   4   4   4   4   3   3   3   3   3   3   3   3   3   3   3   3   3   3   3   3   3   3   3   3   3   3   3   3   3   3   3   3   3   3   3   3   3   3   3   3   3   3   3   3   1   1   1   1   1   1   1   1   1   1   1   1   1   1   1   1   1   1   1   1   1   1   1   1   1   1   1   1   1   1   1   1   1   1   1   1   1   1   1   1   1   1   1   1   1   1   1   1   1   1   1   1   1   1   1   1   1   1   1   1   1   1   1   1   1   1   1   1   1   1   1   1   1   1   1   1   1   1   1   1   1   1   1   1   1   1   1   1   1   1   1   1   1   1   1   1   1   1   1   1   1   1   1   1   1   1   1   1   1   1   1   1   1   1   1   1   1   1   1   1   1   1   1   1   1   1   1   1   1   1   1   1   1   1   1   1   1   1   1   1   1   1   1   1   1   1   1   1   1   1   1   1   1   1   1   1   1   1   1   1   1   1   1   1   1   1   1   1   1   1   1   1   1   1   1   1   1   1   1   1   1   1   1   1   1   1   1   1   1   1   1   1   1   1   1   1   1   1   1   1   1   1   1   1   1   1   1   1   1   1   1   1   1   1   1   1   1   1   1   1   1   1   1   1   1   1   1   1   1   1   1   1   1   1   1   1   1   1   1   1   1   1   1   1   1   1   1   1   1   1   1   1   1   1   1   1   1   1   1   1   1   1   1   1   1   1   1   1   1   1   1   1   1   1   1   1   1   1   1   1   1   1   1   1   1   1   1   1   1   1   1   1   1   1   1   1   1   1   1   1   1   1   1   1   1   1   1   1   1   1   1   1   1   1   1   1   1   1   1   1   1   1   1   1   1   1   1   1   1   1   1   1   1   1   1   1   1   1   1   1   1   1   1   1   1   1   1   1   1   1   1   1   1   1   1   1   1   1   1   1
18  18  18  18  18  18  18  18  18  18  18  18  18  18  18  18  18  18  18  18  18  18  18  18  18  18  18  18  18  18  18  18  18  18  18  18  18  18  18  18  19  19  19  19  19  19  19  19  19  19  19  19  19  19  19  19  19  19  19  19  18  18  18  18  18  18  18  18  18  18  18  18  18  18  18  18  18  18  18  18   3   3   3   3   3   3   3   3   3   3   3   3   3   3   3   3   3   3   3   3   7   7   7   7   7   7   7   7   7   7   7   7   7   7   7   7   7   7   7   7   9   9   9   9   9   9   9   9   9   9   9   9   9   9   9   9   9   9   9   9   7   7   7   7   7   7   7   7   7   7   7   7   7   7   7   7   7   7   7   7   9   9   9   9   9   9   9   9   9   9   9   9   9   9   9   9   9   9   9   9   9   9   9   9   9   9   9   9   9   9   9   9   9   9   9   9   9   9   9   9   7   7   7   7   7   7   7   7   7   7   7   7   7   7   7   7   7   7   7   7   7   7   7   7   7   7   7   7   7   7   7   7   7   7   7   7   7   7   7   7   7   7   7   7   7   7   7   7   7   7   7   7   7   7   7   7   7   7   7   7   6   6   6   6   6   6   6   6   6   6   6   6   6   6   6   6   6   6   6   6   6   6   6   6   6   6   6   6   6   6   6   6   6   6   6   6   6   6   6   6   7   7   7   7   7   7   7   7   7   7   7   7   7   7   7   7   7   7   7   7   6   6   6   6   6   6   6   6   6   6   6   6   6   6   6   6   6   6   6   6   5   5   5   5   5   5   5   5   5   5   5   5   5   5   5   5   5   5   5   5   6   6   6   6   6   6   6   6   6   6   6   6   6   6   6   6   6   6   6   6   6   6   6   6   6   6   6   6   6   6   6   6   6   6   6   6   6   6   6   6   6   6   6   6   6   6   6   6   6   6   6   6   6   6   6   6   6   6   6   6   5   5   5   5   5   5   5   5   5   5   5   5   5   5   5   5   5   5   5   5
8   38   53   61   88  118  132  149  166  192  225  252  262  283  312  344  397  420
9   39   54   62   89  119  133  150  167  193  226  253  263  284  313  345  398  401
10   40   55   63   90  120  134  151  168  194  227  254  264  285  314  346  399  402
11   21   56   64   91  101  135  152  169  195  228  255  265  286  315  347  400  403
12   22   57   65   92  102  136  153  170  196  229  256  266  287  316  348  381  404
13   23   58   66   93  103  137  154  171  197  230  257  267  288  317  349  382  405
14   24   59   67   94  104  138  155  172  198  231  258  268  289  318  350  383  406
15   25   60   68   95  105  139  156  173  199  232  259  269  290  319  351  384  407
16   26   41   69   96  106  140  157  174  200  233  260  270  291  320  352  385  408
17   27   42   70   97  107  121  158  175  181  234  241  271  292  301  353  386  409
18   28   43   71   98  108  122  159  176  182  235  242  272  293  302  354  387  410
19   29   44   72   99  109  123  160  177  183  236  243  273  294  303  355  388  411
20   30   45   73  100  110  124  141  178  184  237  244  274  295  304  356  389  412
1   31   46   74   81  111  125  142  179  185  238  245  275  296  305  357  390  413
2   32   47   75   82  112  126  143  180  186  239  246  276  297  306  358  391  414
3   33   48   76   83  113  127  144  161  187  240  247  277  298  307  359  392  415
4   34   49   77   84  114  128  145  162  188  221  248  278  299  308  360  393  416
5   35   50   78   85  115  129  146  163  189  222  249  279  300  309  341  394  417
6   36   51   79   86  116  130  147  164  190  223  250  280  281  310  342  395  418
7   37   52   80   87  117  131  148  165  191  224  251  261  282  311  343  396  419
6   54   73   96  109  153  168  197  207  234  246  311  332  361  400  422
7   55   74   97  110  154  169  198  208  235  247  312  333  362  381  423
8   56   75   98  111  155  170  199  209  236  248  313  334  363  382  424
9   57   76   99  112  156  171  200  210  237  249  314  335  364  383  425
10   58   77  100  113  157  172  181  211  238  250  315  336  365  384  426
11   59   78   81  114  158  173  182  212  239  251  316  337  366  385  427
12   60   79   82  115  159  174  183  213  240  252  317  338  367  386  428
13   41   80   83  116  160  175  184  214  221  253  318  339  368  387  429
14   42   61   84  117  141  176  185  215  222  254  319  340  369  388  430
15   43   62   85  118  142  177  186  216  223  255  320  321  370  389  431
16   44   63   86  119  143  178  187  217  224  256  301  322  371  390  432
17   45   64   87  120  144  179  188  218  225  257  302  323  372  391  433
18   46   65   88  101  145  180  189  219  226  258  303  324  373  392  434
19   47   66   89  102  146  161  190  220  227  259  304  325  374  393  435
20   48   67   90  103  147  162  191  201  228  260  305  326  375  394  436
1   49   68   91  104  148  163  192  202  229  241  306  327  376  395  437
2   50   69   92  105  149  164  193  203  230  242  307  328  377  396  438
3   51   70   93  106  150  165  194  204  231  243  308  329  378  397  439
4   52   71   94  107  151  166  195  205  232  244  309  330  379  398  440
5   53   72   95  108  152  167  196  206  233  245  310  331  380  399  421
18   27   41  201
19   28   42  202
20   29   43  203
1   30   44  204
2   31   45  205
3   32   46  206
4   33   47  207
5   34   48  208
6   35   49  209
7   36   50  210
8   37   51  211
9   38   52  212
10   39   53  213
11   40   54  214
12   21   55  215
13   22   56  216
14   23   57  217
15   24   58  218
16   25   59  219
17   26   60  220
12   34   71  111  171  279  321  419
13   35   72  112  172  280  322  420
14   36   73  113  173  261  323  401
15   37   74  114  174  262  324  402
16   38   75  115  175  263  325  403
17   39   76  116  176  264  326  404
18   40   77  117  177  265  327  405
19   21   78  118  178  266  328  406
20   22   79  119  179  267  329  407
1   23   80  120  180  268  330  408
2   24   61  101  161  269  331  409
3   25   62  102  162  270  332  410
4   26   63  103  163  271  333  411
5   27   64  104  164  272  334  412
6   28   65  105  165  273  335  413
7   29   66  106  166  274  336  414
8   30   67  107  167  275  337  415
9   31   68  108  168  276  338  416
10   32   69  109  169  277  339  417
11   33   70  110  170  278  340  418
40   41   64  154  210
21   42   65  155  211
22   43   66  156  212
23   44   67  157  213
24   45   68  158  214
25   46   69  159  215
26   47   70  160  216
27   48   71  141  217
28   49   72  142  218
29   50   73  143  219
30   51   74  144  220
31   52   75  145  201
32   53   76  146  202
33   54   77  147  203
34   55   78  148  204
35   56   79  149  205
36   57   80  150  206
37   58   61  151  207
38   59   62  152  208
39   60   63  153  209
1   40   43  426
2   21   44  427
3   22   45  428
4   23   46  429
5   24   47  430
6   25   48  431
7   26   49  432
8   27   50  433
9   28   51  434
10   29   52  435
11   30   53  436
12   31   54  437
13   32   55  438
14   33   56  439
15   34   57  440
16   35   58  421
17   36   59  422
18   37   60  423
19   38   41  424
20   39   42  425
2   54   80  140
3   55   61  121
4   56   62  122
5   57   63  123
6   58   64  124
7   59   65  125
8   60   66  126
9   41   67  127
10   42   68  128
11   43   69  129
12   44   70  130
13   45   71  131
14   46   72  132
15   47   73  133
16   48   74  134
17   49   75  135
18   50   76  136
19   51   77  137
20   52   78  138
1   53   79  139
28   59   66  151  206  278  400
29   60   67  152  207  279  381
30   41   68  153  208  280  382
31   42   69  154  209  261  383
32   43   70  155  210  262  384
33   44   71  156  211  263  385
34   45   72  157  212  264  386
35   46   73  158  213  265  387
36   47   74  159  214  266  388
37   48   75  160  215  267  389
38   49   76  141  216  268  390
39   50   77  142  217  269  391
40   51   78  143  218  270  392
21   52   79  144  219  271  393
22   53   80  145  220  272  394
23   54   61  146  201  273  395
24   55   62  147  202  274  396
25   56   63  148  203  275  397
26   57   64  149  204  276  398
27   58   65  150  205  277  399
37   41   62  156  220  391
38   42   63  157  201  392
39   43   64  158  202  393
40   44   65  159  203  394
21   45   66  160  204  395
22   46   67  141  205  396
23   47   68  142  206  397
24   48   69  143  207  398
25   49   70  144  208  399
26   50   71  145  209  400
27   51   72  146  210  381
28   52   73  147  211  382
29   53   74  148  212  383
30   54   75  149  213  384
31   55   76  150  214  385
32   56   77  151  215  386
33   57   78  152  216  387
34   58   79  153  217  388
35   59   80  154  218  389
36   60   61  155  219  390
6   21   50  401
7   22   51  402
8   23   52  403
9   24   53  404
10   25   54  405
11   26   55  406
12   27   56  407
13   28   57  408
14   29   58  409
15   30   59  410
16   31   60  411
17   32   41  412
18   33   42  413
19   34   43  414
20   35   44  415
1   36   45  416
2   37   46  417
3   38   47  418
4   39   48  419
5   40   49  420
19   55   80  128  185  252  301  400
20   56   61  129  186  253  302  381
1   57   62  130  187  254  303  382
2   58   63  131  188  255  304  383
3   59   64  132  189  256  305  384
4   60   65  133  190  257  306  385
5   41   66  134  191  258  307  386
6   42   67  135  192  259  308  387
7   43   68  136  193  260  309  388
8   44   69  137  194  241  310  389
9   45   70  138  195  242  311  390
10   46   71  139  196  243  312  391
11   47   72  140  197  244  313  392
12   48   73  121  198  245  314  393
13   49   74  122  199  246  315  394
14   50   75  123  200  247  316  395
15   51   76  124  181  248  317  396
16   52   77  125  182  249  318  397
17   53   78  126  183  250  319  398
18   54   79  127  184  251  320  399
6   32   78  128  195  253  336  411
7   33   79  129  196  254  337  412
8   34   80  130  197  255  338  413
9   35   61  131  198  256  339  414
10   36   62  132  199  257  340  415
11   37   63  133  200  258  321  416
12   38   64  134  181  259  322  417
13   39   65  135  182  260  323  418
14   40   66  136  183  241  324  419
15   21   67  137  184  242  325  420
16   22   68  138  185  243  326  401
17   23   69  139  186  244  327  402
18   24   70  140  187  245  328  403
19   25   71  121  188  246  329  404
20   26   72  122  189  247  330  405
1   27   73  123  190  248  331  406
2   28   74  124  191  249  332  407
3   29   75  125  192  250  333  408
4   30   76  126  193  251  334  409
5   31   77  127  194  252  335  410
17   21   68  103  170  231  282  367
18   22   69  104  171  232  283  368
19   23   70  105  172  233  284  369
20   24   71  106  173  234  285  370
1   25   72  107  174  235  286  371
2   26   73  108  175  236  287  372
3   27   74  109  176  237  288  373
4   28   75  110  177  238  289  374
5   29   76  111  178  239  290  375
6   30   77  112  179  240  291  376
7   31   78  113  180  221  292  377
8   32   79  114  161  222  293  378
9   33   80  115  162  223  294  379
10   34   61  116  163  224  295  380
11   35   62  117  164  225  296  361
12   36   63  118  165  226  297  362
13   37   64  119  166  227  298  363
14   38   65  120  167  228  299  364
15   39   66  101  168  229  300  365
16   40   67  102  169  230  281  366
8   46   77  129  190  256  311  370
9   47   78  130  191  257  312  371
10   48   79  131  192  258  313  372
11   49   80  132  193  259  314  373
12   50   61  133  194  260  315  374
13   51   62  134  195  241  316  375
14   52   63  135  196  242  317  376
15   53   64  136  197  243  318  377
16   54   65  137  198  244  319  378
17   55   66  138  199  245  320  379
18   56   67  139  200  246  301  380
19   57   68  140  181  247  302  361
20   58   69  121  182  248  303  362
1   59   70  122  183  249  304  363
2   60   71  123  184  250  305  364
3   41   72  124  185  251  306  365
4   42   73  125  186  252  307  366
5   43   74  126  187  253  308  367
6   44   75  127  188  254  309  368
7   45   76  128  189  255  310  369
25   58   68  145  210  354
26   59   69  146  211  355
27   60   70  147  212  356
28   41   71  148  213  357
29   42   72  149  214  358
30   43   73  150  215  359
31   44   74  151  216  360
32   45   75  152  217  341
33   46   76  153  218  342
34   47   77  154  219  343
35   48   78  155  220  344
36   49   79  156  201  345
37   50   80  157  202  346
38   51   61  158  203  347
39   52   62  159  204  348
40   53   63  160  205  349
21   54   64  141  206  350
22   55   65  142  207  351
23   56   66  143  208  352
24   57   67  144  209  353
3   35   60  287
4   36   41  288
5   37   42  289
6   38   43  290
7   39   44  291
8   40   45  292
9   21   46  293
10   22   47  294
11   23   48  295
12   24   49  296
13   25   50  297
14   26   51  298
15   27   52  299
16   28   53  300
17   29   54  281
18   30   55  282
19   31   56  283
20   32   57  284
1   33   58  285
2   34   59  286
11   29   77  120  165  232  300  353  429
12   30   78  101  166  233  281  354  430
13   31   79  102  167  234  282  355  431
14   32   80  103  168  235  283  356  432
15   33   61  104  169  236  284  357  433
16   34   62  105  170  237  285  358  434
17   35   63  106  171  238  286  359  435
18   36   64  107  172  239  287  360  436
19   37   65  108  173  240  288  341  437
20   38   66  109  174  221  289  342  438
1   39   67  110  175  222  290  343  439
2   40   68  111  176  223  291  344  440
3   21   69  112  177  224  292  345  421
4   22   70  113  178  225  293  346  422
5   23   71  114  179  226  294  347  423
6   24   72  115  180  227  295  348  424
7   25   73  116  161  228  296  349  425
8   26   74  117  162  229  297  350  426
9   27   75  118  163  230  298  351  427
10   28   76  119  164  231  299  352  428
38   57   73  139  194  282  350
39   58   74  140  195  283  351
40   59   75  121  196  284  352
21   60   76  122  197  285  353
22   41   77  123  198  286  354
23   42   78  124  199  287  355
24   43   79  125  200  288  356
25   44   80  126  181  289  357
26   45   61  127  182  290  358
27   46   62  128  183  291  359
28   47   63  129  184  292  360
29   48   64  130  185  293  341
30   49   65  131  186  294  342
31   50   66  132  187  295  343
32   51   67  133  188  296  344
33   52   68  134  189  297  345
34   53   69  135  190  298  346
35   54   70  136  191  299  347
36   55   71  137  192  300  348
37   56   72  138  193  281  349
8   55   64  123  186  249  317  380
9   56   65  124  187  250  318  361
10   57   66  125  188  251  319  362
11   58   67  126  189  252  320  363
12   59   68  127  190  253  301  364
13   60   69  128  191  254  302  365
14   41   70  129  192  255  303  366
15   42   71  130  193  256  304  367
16   43   72  131  194  257  305  368
17   44   73  132  195  258  306  369
18   45   74  133  196  259  307  370
19   46   75  134  197  260  308  371
20   47   76  135  198  241  309  372
1   48   77  136  199  242  310  373
2   49   78  137  200  243  311  374
3   50   79  138  181  244  312  375
4   51   80  139  182  245  313  376
5   52   61  140  183  246  314  377
6   53   62  121  184  247  315  378
7   54   63  122  185  248  316  379
5   21   51  171  366
6   22   52  172  367
7   23   53  173  368
8   24   54  174  369
9   25   55  175  370
10   26   56  176  371
11   27   57  177  372
12   28   58  178  373
13   29   59  179  374
14   30   60  180  375
15   31   41  161  376
16   32   42  162  377
17   33   43  163  378
18   34   44  164  379
19   35   45  165  380
20   36   46  166  361
1   37   47  167  362
2   38   48  168  363
3   39   49  169  364
4   40   50  170  365
12   45   62  126  192  261  326  438
13   46   63  127  193  262  327  439
14   47   64  128  194  263  328  440
15   48   65  129  195  264  329  421
16   49   66  130  196  265  330  422
17   50   67  131  197  266  331  423
18   51   68  132  198  267  332  424
19   52   69  133  199  268  333  425
20   53   70  134  200  269  334  426
1   54   71  135  181  270  335  427
2   55   72  136  182  271  336  428
3   56   73  137  183  272  337  429
4   57   74  138  184  273  338  430
5   58   75  139  185  274  339  431
6   59   76  140  186  275  340  432
7   60   77  121  187  276  321  433
8   41   78  122  188  277  322  434
9   42   79  123  189  278  323  435
10   43   80  124  190  279  324  436
11   44   61  125  191  280  325  437
20   21   80  102  176  238  321  411
1   22   61  103  177  239  322  412
2   23   62  104  178  240  323  413
3   24   63  105  179  221  324  414
4   25   64  106  180  222  325  415
5   26   65  107  161  223  326  416
6   27   66  108  162  224  327  417
7   28   67  109  163  225  328  418
8   29   68  110  164  226  329  419
9   30   69  111  165  227  330  420
10   31   70  112  166  228  331  401
11   32   71  113  167  229  332  402
12   33   72  114  168  230  333  403
13   34   73  115  169  231  334  404
14   35   74  116  170  232  335  405
15   36   75  117  171  233  336  406
16   37   76  118  172  234  337  407
17   38   77  119  173  235  338  408
18   39   78  120  174  236  339  409
19   40   79  101  175  237  340  410
1   21  221  264
2   22  222  265
3   23  223  266
4   24  224  267
5   25  225  268
6   26  226  269
7   27  227  270
8   28  228  271
9   29  229  272
10   30  230  273
11   31  231  274
12   32  232  275
13   33  233  276
14   34  234  277
15   35  235  278
16   36  236  279
17   37  237  280
18   38  238  261
19   39  239  262
20   40  240  263
21   41  167
22   42  168
23   43  169
24   44  170
25   45  171
26   46  172
27   47  173
28   48  174
29   49  175
30   50  176
31   51  177
32   52  178
33   53  179
34   54  180
35   55  161
36   56  162
37   57  163
38   58  164
39   59  165
40   60  166
41   61  310
42   62  311
43   63  312
44   64  313
45   65  314
46   66  315
47   67  316
48   68  317
49   69  318
50   70  319
51   71  320
52   72  301
53   73  302
54   74  303
55   75  304
56   76  305
57   77  306
58   78  307
59   79  308
60   80  309
81
82
83
84
85
86
87
88
89
90
91
92
93
94
95
96
97
98
99
100
101
102
103
104
105
106
107
108
109
110
111
112
113
114
115
116
117
118
119
120
121
122
123
124
125
126
127
128
129
130
131
132
133
134
135
136
137
138
139
140
141
142
143
144
145
146
147
148
149
150
151
152
153
154
155
156
157
158
159
160
161
162
163
164
165
166
167
168
169
170
171
172
173
174
175
176
177
178
179
180
181
182
183
184
185
186
187
188
189
190
191
192
193
194
195
196
197
198
199
200
201
202
203
204
205
206
207
208
209
210
211
212
213
214
215
216
217
218
219
220
221
222
223
224
225
226
227
228
229
230
231
232
233
234
235
236
237
238
239
240
241
242
243
244
245
246
247
248
249
250
251
252
253
254
255
256
257
258
259
260
261
262
263
264
265
266
267
268
269
270
271
272
273
274
275
276
277
278
279
280
281
282
283
284
285
286
287
288
289
290
291
292
293
294
295
296
297
298
299
300
301
302
303
304
305
306
307
308
309
310
311
312
313
314
315
316
317
318
319
320
321
322
323
324
325
326
327
328
329
330
331
332
333
334
335
336
337
338
339
340
341
342
343
344
345
346
347
348
349
350
351
352
353
354
355
356
357
358
359
360
361
362
363
364
365
366
367
368
369
370
371
372
373
374
375
376
377
378
379
380
381
382
383
384
385
386
387
388
389
390
391
392
393
394
395
396
397
398
399
400
401
402
403
404
405
406
407
408
409
410
411
412
413
414
415
416
417
418
419
420
421
422
423
424
425
426
427
428
429
430
431
432
433
434
435
436
437
438
439
440
14   36   44   70  101  140  196  203  236  245  274  319  331  374  397  410  422  441
15   37   45   71  102  121  197  204  237  246  275  320  332  375  398  411  423  442
16   38   46   72  103  122  198  205  238  247  276  301  333  376  399  412  424  443
17   39   47   73  104  123  199  206  239  248  277  302  334  377  400  413  425  444
18   40   48   74  105  124  200  207  240  249  278  303  335  378  381  414  426  445
19   21   49   75  106  125  181  208  221  250  279  304  336  379  382  415  427  446
20   22   50   76  107  126  182  209  222  251  280  305  337  380  383  416  428  447
1   23   51   77  108  127  183  210  223  252  261  306  338  361  384  417  429  448
2   24   52   78  109  128  184  211  224  253  262  307  339  362  385  418  430  449
3   25   53   79  110  129  185  212  225  254  263  308  340  363  386  419  431  450
4   26   54   80  111  130  186  213  226  255  264  309  321  364  387  420  432  451
5   27   55   61  112  131  187  214  227  256  265  310  322  365  388  401  433  452
6   28   56   62  113  132  188  215  228  257  266  311  323  366  389  402  434  453
7   29   57   63  114  133  189  216  229  258  267  312  324  367  390  403  435  454
8   30   58   64  115  134  190  217  230  259  268  313  325  368  391  404  436  455
9   31   59   65  116  135  191  218  231  260  269  314  326  369  392  405  437  456
10   32   60   66  117  136  192  219  232  241  270  315  327  370  393  406  438  457
11   33   41   67  118  137  193  220  233  242  271  316  328  371  394  407  439  458
12   34   42   68  119  138  194  201  234  243  272  317  329  372  395  408  440  459
13   35   43   69  120  139  195  202  235  244  273  318  330  373  396  409  421  460
4   55   68   82  102  154  165  181  230  241  297  307  333  344  381  421  441  461
5   56   69   83  103  155  166  182  231  242  298  308  334  345  382  422  442  462
6   57   70   84  104  156  167  183  232  243  299  309  335  346  383  423  443  463
7   58   71   85  105  157  168  184  233  244  300  310  336  347  384  424  444  464
8   59   72   86  106  158  169  185  234  245  281  311  337  348  385  425  445  465
9   60   73   87  107  159  170  186  235  246  282  312  338  349  386  426  446  466
10   41   74   88  108  160  171  187  236  247  283  313  339  350  387  427  447  467
11   42   75   89  109  141  172  188  237  248  284  314  340  351  388  428  448  468
12   43   76   90  110  142  173  189  238  249  285  315  321  352  389  429  449  469
13   44   77   91  111  143  174  190  239  250  286  316  322  353  390  430  450  470
14   45   78   92  112  144  175  191  240  251  287  317  323  354  391  431  451  471
15   46   79   93  113  145  176  192  221  252  288  318  324  355  392  432  452  472
16   47   80   94  114  146  177  193  222  253  289  319  325  356  393  433  453  473
17   48   61   95  115  147  178  194  223  254  290  320  326  357  394  434  454  474
18   49   62   96  116  148  179  195  224  255  291  301  327  358  395  435  455  475
19   50   63   97  117  149  180  196  225  256  292  302  328  359  396  436  456  476
20   51   64   98  118  150  161  197  226  257  293  303  329  360  397  437  457  477
1   52   65   99  119  151  162  198  227  258  294  304  330  341  398  438  458  478
2   53   66  100  120  152  163  199  228  259  295  305  331  342  399  439  459  479
3   54   67   81  101  153  164  200  229  260  296  306  332  343  400  440  460  480
9   28   41   81  119  128  143  161  192  207  276  284  302  345  367  391  417  461  481
10   29   42   82  120  129  144  162  193  208  277  285  303  346  368  392  418  462  482
11   30   43   83  101  130  145  163  194  209  278  286  304  347  369  393  419  463  483
12   31   44   84  102  131  146  164  195  210  279  287  305  348  370  394  420  464  484
13   32   45   85  103  132  147  165  196  211  280  288  306  349  371  395  401  465  485
14   33   46   86  104  133  148  166  197  212  261  289  307  350  372  396  402  466  486
15   34   47   87  105  134  149  167  198  213  262  290  308  351  373  397  403  467  487
16   35   48   88  106  135  150  168  199  214  263  291  309  352  374  398  404  468  488
17   36   49   89  107  136  151  169  200  215  264  292  310  353  375  399  405  469  489
18   37   50   90  108  137  152  170  181  216  265  293  311  354  376  400  406  470  490
19   38   51   91  109  138  153  171  182  217  266  294  312  355  377  381  407  471  491
20   39   52   92  110  139  154  172  183  218  267  295  313  356  378  382  408  472  492
1   40   53   93  111  140  155  173  184  219  268  296  314  357  379  383  409  473  493
2   21   54   94  112  121  156  174  185  220  269  297  315  358  380  384  410  474  494
3   22   55   95  113  122  157  175  186  201  270  298  316  359  361  385  411  475  495
4   23   56   96  114  123  158  176  187  202  271  299  317  360  362  386  412  476  496
5   24   57   97  115  124  159  177  188  203  272  300  318  341  363  387  413  477  497
6   25   58   98  116  125  160  178  189  204  273  281  319  342  364  388  414  478  498
7   26   59   99  117  126  141  179  190  205  274  282  320  343  365  389  415  479  499
8   27   60  100  118  127  142  180  191  206  275  283  301  344  366  390  416  480  500
1   29   71   98  122  156  180  202  224  254  265  294  325  349  378  420  422  481
2   30   72   99  123  157  161  203  225  255  266  295  326  350  379  401  423  482
3   31   73  100  124  158  162  204  226  256  267  296  327  351  380  402  424  483
4   32   74   81  125  159  163  205  227  257  268  297  328  352  361  403  425  484
5   33   75   82  126  160  164  206  228  258  269  298  329  353  362  404  426  485
6   34   76   83  127  141  165  207  229  259  270  299  330  354  363  405  427  486
7   35   77   84  128  142  166  208  230  260  271  300  331  355  364  406  428  487
8   36   78   85  129  143  167  209  231  241  272  281  332  356  365  407  429  488
9   37   79   86  130  144  168  210  232  242  273  282  333  357  366  408  430  489
10   38   80   87  131  145  169  211  233  243  274  283  334  358  367  409  431  490
11   39   61   88  132  146  170  212  234  244  275  284  335  359  368  410  432  491
12   40   62   89  133  147  171  213  235  245  276  285  336  360  369  411  433  492
13   21   63   90  134  148  172  214  236  246  277  286  337  341  370  412  434  493
14   22   64   91  135  149  173  215  237  247  278  287  338  342  371  413  435  494
15   23   65   92  136  150  174  216  238  248  279  288  339  343  372  414  436  495
16   24   66   93  137  151  175  217  239  249  280  289  340  344  373  415  437  496
17   25   67   94  138  152  176  218  240  250  261  290  321  345  374  416  438  497
18   26   68   95  139  153  177  219  221  251  262  291  322  346  375  417  439  498
19   27   69   96  140  154  178  220  222  252  263  292  323  347  376  418  440  499
20   28   70   97  121  155  179  201  223  253  264  293  324  348  377  419  421  500
14   26  501
15   27  502
16   28  503
17   29  504
18   30  505
19   31  506
20   32  507
1   33  508
2   34  509
3   35  510
4   36  511
5   37  512
6   38  513
7   39  514
8   40  515
9   21  516
10   22  517
11   23  518
12   24  519
13   25  520
4   33   71  259  322  440  521
5   34   72  260  323  421  522
6   35   73  241  324  422  523
7   36   74  242  325  423  524
8   37   75  243  326  424  525
9   38   76  244  327  425  526
10   39   77  245  328  426  527
11   40   78  246  329  427  528
12   21   79  247  330  428  529
13   22   80  248  331  429  530
14   23   61  249  332  430  531
15   24   62  250  333  431  532
16   25   63  251  334  432  533
17   26   64  252  335  433  534
18   27   65  253  336  434  535
19   28   66  254  337  435  536
20   29   67  255  338  436  537
1   30   68  256  339  437  538
2   31   69  257  340  438  539
3   32   70  258  321  439  540
10  122  214  234  273  343  379  416  541
11  123  215  235  274  344  380  417  542
12  124  216  236  275  345  361  418  543
13  125  217  237  276  346  362  419  544
14  126  218  238  277  347  363  420  545
15  127  219  239  278  348  364  401  546
16  128  220  240  279  349  365  402  547
17  129  201  221  280  350  366  403  548
18  130  202  222  261  351  367  404  549
19  131  203  223  262  352  368  405  550
20  132  204  224  263  353  369  406  551
1  133  205  225  264  354  370  407  552
2  134  206  226  265  355  371  408  553
3  135  207  227  266  356  372  409  554
4  136  208  228  267  357  373  410  555
5  137  209  229  268  358  374  411  556
6  138  210  230  269  359  375  412  557
7  139  211  231  270  360  376  413  558
8  140  212  232  271  341  377  414  559
9  121  213  233  272  342  378  415  560
13   29   88  151  166  297  561
14   30   89  152  167  298  562
15   31   90  153  168  299  563
16   32   91  154  169  300  564
17   33   92  155  170  281  565
18   34   93  156  171  282  566
19   35   94  157  172  283  567
20   36   95  158  173  284  568
1   37   96  159  174  285  569
2   38   97  160  175  286  570
3   39   98  141  176  287  571
4   40   99  142  177  288  572
5   21  100  143  178  289  573
6   22   81  144  179  290  574
7   23   82  145  180  291  575
8   24   83  146  161  292  576
9   25   84  147  162  293  577
10   26   85  148  163  294  578
11   27   86  149  164  295  579
12   28   87  150  165  296  580
16   34   71  252  337  391  426  475  581
17   35   72  253  338  392  427  476  582
18   36   73  254  339  393  428  477  583
19   37   74  255  340  394  429  478  584
20   38   75  256  321  395  430  479  585
1   39   76  257  322  396  431  480  586
2   40   77  258  323  397  432  461  587
3   21   78  259  324  398  433  462  588
4   22   79  260  325  399  434  463  589
5   23   80  241  326  400  435  464  590
6   24   61  242  327  381  436  465  591
7   25   62  243  328  382  437  466  592
8   26   63  244  329  383  438  467  593
9   27   64  245  330  384  439  468  594
10   28   65  246  331  385  440  469  595
11   29   66  247  332  386  421  470  596
12   30   67  248  333  387  422  471  597
13   31   68  249  334  388  423  472  598
14   32   69  250  335  389  424  473  599
15   33   70  251  336  390  425  474  600
10   25  217  227  272  348  376  410  601
11   26  218  228  273  349  377  411  602
12   27  219  229  274  350  378  412  603
13   28  220  230  275  351  379  413  604
14   29  201  231  276  352  380  414  605
15   30  202  232  277  353  361  415  606
16   31  203  233  278  354  362  416  607
17   32  204  234  279  355  363  417  608
18   33  205  235  280  356  364  418  609
19   34  206  236  261  357  365  419  610
20   35  207  237  262  358  366  420  611
1   36  208  238  263  359  367  401  612
2   37  209  239  264  360  368  402  613
3   38  210  240  265  341  369  403  614
4   39  211  221  266  342  370  404  615
5   40  212  222  267  343  371  405  616
6   21  213  223  268  344  372  406  617
7   22  214  224  269  345  373  407  618
8   23  215  225  270  346  374  408  619
9   24  216  226  271  347  375  409  620
35   41   92  156  162  292  621
36   42   93  157  163  293  622
37   43   94  158  164  294  623
38   44   95  159  165  295  624
39   45   96  160  166  296  625
40   46   97  141  167  297  626
21   47   98  142  168  298  627
22   48   99  143  169  299  628
23   49  100  144  170  300  629
24   50   81  145  171  281  630
25   51   82  146  172  282  631
26   52   83  147  173  283  632
27   53   84  148  174  284  633
28   54   85  149  175  285  634
29   55   86  150  176  286  635
30   56   87  151  177  287  636
31   57   88  152  178  288  637
32   58   89  153  179  289  638
33   59   90  154  180  290  639
34   60   91  155  161  291  640
17   28  251  330  424  441  641
18   29  252  331  425  442  642
19   30  253  332  426  443  643
20   31  254  333  427  444  644
1   32  255  334  428  445  645
2   33  256  335  429  446  646
3   34  257  336  430  447  647
4   35  258  337  431  448  648
5   36  259  338  432  449  649
6   37  260  339  433  450  650
7   38  241  340  434  451  651
8   39  242  321  435  452  652
9   40  243  322  436  453  653
10   21  244  323  437  454  654
11   22  245  324  438  455  655
12   23  246  325  439  456  656
13   24  247  326  440  457  657
14   25  248  327  421  458  658
15   26  249  328  422  459  659
16   27  250  329  423  460  660
10   36  210  229  266  373  661
11   37  211  230  267  374  662
12   38  212  231  268  375  663
13   39  213  232  269  376  664
14   40  214  233  270  377  665
15   21  215  234  271  378  666
16   22  216  235  272  379  667
17   23  217  236  273  380  668
18   24  218  237  274  361  669
19   25  219  238  275  362  670
20   26  220  239  276  363  671
1   27  201  240  277  364  672
2   28  202  221  278  365  673
3   29  203  222  279  366  674
4   30  204  223  280  367  675
5   31  205  224  261  368  676
6   32  206  225  262  369  677
7   33  207  226  263  370  678
8   34  208  227  264  371  679
9   35  209  228  265  372  680
20   63  144  401  458  681
1   64  145  402  459  682
2   65  146  403  460  683
3   66  147  404  441  684
4   67  148  405  442  685
5   68  149  406  443  686
6   69  150  407  444  687
7   70  151  408  445  688
8   71  152  409  446  689
9   72  153  410  447  690
10   73  154  411  448  691
11   74  155  412  449  692
12   75  156  413  450  693
13   76  157  414  451  694
14   77  158  415  452  695
15   78  159  416  453  696
16   79  160  417  454  697
17   80  141  418  455  698
18   61  142  419  456  699
19   62  143  420  457  700
19  260  315  322  360  701
20  241  316  323  341  702
1  242  317  324  342  703
2  243  318  325  343  704
3  244  319  326  344  705
4  245  320  327  345  706
5  246  301  328  346  707
6  247  302  329  347  708
7  248  303  330  348  709
8  249  304  331  349  710
9  250  305  332  350  711
10  251  306  333  351  712
11  252  307  334  352  713
12  253  308  335  353  714
13  254  309  336  354  715
14  255  310  337  355  716
15  256  311  338  356  717
16  257  312  339  357  718
17  258  313  340  358  719
18  259  314  321  359  720
10   31  201  271  365  492  721
11   32  202  272  366  493  722
12   33  203  273  367  494  723
13   34  204  274  368  495  724
14   35  205  275  369  496  725
15   36  206  276  370  497  726
16   37  207  277  371  498  727
17   38  208  278  372  499  728
18   39  209  279  373  500  729
19   40  210  280  374  481  730
20   21  211  261  375  482  731
1   22  212  262  376  483  732
2   23  213  263  377  484  733
3   24  214  264  378  485  734
4   25  215  265  379  486  735
5   26  216  266  380  487  736
6   27  217  267  361  488  737
7   28  218  268  362  489  738
8   29  219  269  363  490  739
9   30  220  270  364  491  740
30   61  226  416  421  741
31   62  227  417  422  742
32   63  228  418  423  743
33   64  229  419  424  744
34   65  230  420  425  745
35   66  231  401  426  746
36   67  232  402  427  747
37   68  233  403  428  748
38   69  234  404  429  749
39   70  235  405  430  750
40   71  236  406  431  751
21   72  237  407  432  752
22   73  238  408  433  753
23   74  239  409  434  754
24   75  240  410  435  755
25   76  221  411  436  756
26   77  222  412  437  757
27   78  223  413  438  758
28   79  224  414  439  759
29   80  225  415  440  760
18  288  329  352  761
19  289  330  353  762
20  290  331  354  763
1  291  332  355  764
2  292  333  356  765
3  293  334  357  766
4  294  335  358  767
5  295  336  359  768
6  296  337  360  769
7  297  338  341  770
8  298  339  342  771
9  299  340  343  772
10  300  321  344  773
11  281  322  345  774
12  282  323  346  775
13  283  324  347  776
14  284  325  348  777
15  285  326  349  778
16  286  327  350  779
17  287  328  351  780
21  255  272  362  396  781
22  256  273  363  397  782
23  257  274  364  398  783
24  258  275  365  399  784
25  259  276  366  400  785
26  260  277  367  381  786
27  241  278  368  382  787
28  242  279  369  383  788
29  243  280  370  384  789
30  244  261  371  385  790
31  245  262  372  386  791
32  246  263  373  387  792
33  247  264  374  388  793
34  248  265  375  389  794
35  249  266  376  390  795
36  250  267  377  391  796
37  251  268  378  392  797
38  252  269  379  393  798
39  253  270  380  394  799
40  254  271  361  395  800
5   22  142  171  202  801
6   23  143  172  203  802
7   24  144  173  204  803
8   25  145  174  205  804
9   26  146  175  206  805
10   27  147  176  207  806
11   28  148  177  208  807
12   29  149  178  209  808
13   30  150  179  210  809
14   31  151  180  211  810
15   32  152  161  212  811
16   33  153  162  213  812
17   34  154  163  214  813
18   35  155  164  215  814
19   36  156  165  216  815
20   37  157  166  217  816
1   38  158  167  218  817
2   39  159  168  219  818
3   40  160  169  220  819
4   21  141  170  201  820
2   63  181  231  431  821
3   64  182  232  432  822
4   65  183  233  433  823
5   66  184  234  434  824
6   67  185  235  435  825
7   68  186  236  436  826
8   69  187  237  437  827
9   70  188  238  438  828
10   71  189  239  439  829
11   72  190  240  440  830
12   73  191  221  421  831
13   74  192  222  422  832
14   75  193  223  423  833
15   76  194  224  424  834
16   77  195  225  425  835
17   78  196  226  426  836
18   79  197  227  427  837
19   80  198  228  428  838
20   61  199  229  429  839
1   62  200  230  430  840
40  116  333  404  841
21  117  334  405  842
22  118  335  406  843
23  119  336  407  844
24  120  337  408  845
25  101  338  409  846
26  102  339  410  847
27  103  340  411  848
28  104  321  412  849
29  105  322  413  850
30  106  323  414  851
31  107  324  415  852
32  108  325  416  853
33  109  326  417  854
34  110  327  418  855
35  111  328  419  856
36  112  329  420  857
37  113  330  401  858
38  114  331  402  859
39  115  332  403  860

